00 00 00 00 13  02 08 00 14 10  01 00 00 00 00  00 00 00 00 00  00 18 16 05 00
01 05 12 00 02  25 17 00 11 20  19 00 00 00 00  00 00 04 16 09  00 23 13 14 00
17 24 11 00 22  07 13 00 00 00  00 00 00 14 16  23 00 02 10 03  00 19 25 08 00
16 08 14 00 00  00 00 00 00 18  09 13 00 11 10  06 00 05 25 01  00 00 00 00 00
00 00 00 00 00  00 00 00 00 01  06 02 00 25 17  12 00 00 00 00  00 00 09 21 20

00 01 25 07 00  00 00 00 00 15  13 24 00 00 00  00 00 00 00 00  00 00 11 03 05
00 02 05 08 00  00 00 00 00 00  00 00 00 00 15  01 22 00 00 00  00 00 06 07 23
00 20 15 13 00  00 00 00 00 00  12 04 23 00 03  10 02 00 00 00  00 00 00 00 00
00 00 00 00 00  00 10 19 23 00  08 05 01 00 02  07 17 00 00 00  00 00 00 15 13
00 00 16 10 23  00 20 25 18 00  07 06 11 00 00  00 00 00 00 13  04 17 00 22 02

00 00 09 01 21  00 18 12 20 00  00 00 00 00 00  02 06 10 00 19  22 04 00 17 11
00 00 20 17 08  00 00 00 00 00  00 00 00 00 00  11 09 25 00 15  12 01 00 00 00
00 00 00 00 00  00 00 01 17 04  00 00 00 00 00  14 03 18 00 00  00 00 00 00 00
00 00 00 11 15  09 00 23 10 19  00 00 00 00 00  00 00 00 00 00  13 05 20 00 00
04 22 00 19 05  03 00 07 06 11  00 00 00 00 00  00 16 12 13 00  23 02 10 00 00

08 07 00 15 12  10 00 00 00 00  00 00 24 03 01  00 05 19 17 00  16 11 22 00 00
20 11 00 00 00  00 00 00 01 17  23 00 16 09 05  00 14 22 02 00  00 00 00 00 00
00 00 00 00 00  00 00 00 12 08  15 00 17 06 11  00 00 00 00 00  00 25 01 19 00
18 17 03 00 00  00 00 00 15 06  21 00 00 00 00  00 00 00 00 00  00 14 02 20 00
14 09 19 00 00  00 00 00 00 00  00 00 00 02 08  15 00 00 00 00  00 03 21 13 00

05 18 01 00 00  00 00 00 00 22  03 16 00 15 07  17 00 00 00 00  00 00 00 00 00
00 00 00 00 00  20 01 15 00 16  04 11 00 10 12  18 00 00 00 00  00 00 08 02 22
00 15 08 20 00  23 11 17 00 21  24 18 00 00 00  00 00 00 06 16  07 00 14 04 12
00 04 10 24 00  12 03 18 00 00  00 00 00 00 14  25 11 00 21 02  19 00 05 01 16
00 19 23 14 00  00 00 00 00 00  00 00 00 00 21  03 13 00 05 22  20 00 00 00 00